{
    "id": "a9fd720matrix25a",
    "stepAnswer": [
        "$$\\begin{bmatrix} 1800 & 1200 & 1300 \\\\ 800 & 1400 & 600 \\\\ 700 & 400 & 2100 \\end{bmatrix}$$"
    ],
    "problemType": "MultipleChoice",
    "stepTitle": "D $$=$$ $$\\begin{bmatrix} 18 & 12 & 13 \\\\ 8 & 14 & 6 \\\\ 7 & 4 & 21 \\end{bmatrix}$$ and the scalar $$100$$",
    "stepBody": "",
    "answerType": "string",
    "variabilization": {},
    "answerLatex": "$$\\begin{bmatrix} 1800 & 1200 & 1300 \\\\ 800 & 1400 & 600 \\\\ 700 & 400 & 2100 \\end{bmatrix}$$",
    "choices": [
        "$$\\begin{bmatrix} 1800 & 1200 & 1300 \\\\ 800 & 1400 & 600 \\\\ 700 & 400 & 2100 \\end{bmatrix}$$",
        "$$\\begin{bmatrix} 1800 & 1200 & 1300 \\\\ 600 & 1400 & 800 \\\\ 700 & 400 & 2100 \\end{bmatrix}$$",
        "$$\\begin{bmatrix} 1300 & 1200 & 1800 \\\\ 800 & 1400 & 600 \\\\ 2100 & 400 & 700 \\end{bmatrix}$$"
    ]
}