{
    "id": "a40f8c4inv13a",
    "stepAnswer": [
        "$$\\begin{bmatrix} 18 & 60 & -168 \\\\ -56 & -140 & 448 \\\\ 40 & 80 & -280 \\end{bmatrix}$$"
    ],
    "problemType": "MultipleChoice",
    "stepTitle": "Matrix",
    "stepBody": "A $$=$$ $$\\begin{bmatrix} \\frac{1}{2} & \\frac{1}{2} & \\frac{1}{2} \\\\ \\frac{1}{3} & \\frac{1}{4} & \\frac{1}{5} \\\\ \\frac{1}{6} & \\frac{1}{7} & \\frac{1}{8} \\end{bmatrix}$$",
    "answerType": "string",
    "variabilization": {},
    "answerLatex": "$$\\begin{bmatrix} 18 & 60 & -168 \\\\ -56 & -140 & 448 \\\\ 40 & 80 & -280 \\end{bmatrix}$$",
    "choices": [
        "$$\\begin{bmatrix} 8 & 60 & -168 \\\\ -56 & -140 & 448 \\\\ 40 & 80 & -280 \\end{bmatrix}$$",
        "$$\\begin{bmatrix} -56 & -140 & 448 \\\\ 18 & 60 & -168 \\\\ 40 & 80 & -280 \\end{bmatrix}$$",
        "$$\\begin{bmatrix} 18 & 60 & -168 \\\\ -56 & -140 & 448 \\\\ 40 & 80 & -280 \\end{bmatrix}$$",
        "$$0$$"
    ]
}